20
385 247 id0 0 true
213 265 id1 1 true
139 64 id2 2 true
367 75 id3 3 true
37 349 id4 4 true
194 140 id5 5 true
168 31 id6 6 true
110 67 id7 7 true
290 267 id8 8 true
126 370 id9 9 true
206 371 id10 10 true
255 128 id11 11 true
287 289 id12 12 true
198 322 id13 13 true
147 202 id14 14 true
238 155 id15 15 true
18 308 id16 16 true
59 255 id17 17 true
135 239 id18 18 true
235 114 id19 19 true
20
0 1 54 80 82 19 88 6 84 26 95 58 72 33 39 72 1 74 54 58 
1 0 94 59 66 45 46 98 20 45 50 44 40 61 97 57 59 80 78 64 
54 94 0 73 46 72 87 42 62 70 94 71 7 36 8 65 88 94 45 56 
80 59 73 0 12 36 56 12 6 31 61 66 77 69 14 70 23 15 55 5 
82 66 46 12 0 36 92 65 52 90 35 16 20 48 93 23 97 69 67 7 
19 45 72 36 36 0 39 24 19 57 3 20 51 26 35 83 7 81 59 16 
88 46 87 56 92 39 0 72 58 30 97 14 65 36 96 95 70 10 90 64 
6 98 42 12 65 24 72 0 54 82 15 65 66 61 6 73 85 82 46 71 
84 20 62 6 52 19 58 54 0 44 90 69 94 42 44 22 43 44 94 93 
26 45 70 31 90 57 30 82 44 0 39 34 24 29 41 33 52 10 45 63 
95 50 94 61 35 3 97 15 90 39 0 72 63 3 81 93 18 58 45 84 
58 44 71 66 16 20 14 65 69 34 72 0 99 71 66 1 25 37 3 23 
72 40 7 77 20 51 65 66 94 24 63 99 0 64 92 81 8 11 24 59 
33 61 36 69 48 26 36 61 42 29 3 71 64 0 49 39 19 19 66 11 
39 97 8 14 93 35 96 6 44 41 81 66 92 49 0 63 37 34 43 38 
72 57 65 70 23 83 95 73 22 33 93 1 81 39 63 0 27 25 86 98 
1 59 88 23 97 7 70 85 43 52 18 25 8 19 37 27 0 4 85 43 
74 80 94 15 69 81 10 82 44 10 58 37 11 19 34 25 4 0 48 11 
54 78 45 55 67 59 90 46 94 45 45 3 24 66 43 86 85 48 0 36 
58 64 56 5 7 16 64 71 93 63 84 23 59 11 38 98 43 11 36 0 
